1	J0041+2123	00 41 47.1	 +21 23 28	SDSS	 3.79	1.09	0.55	0.09	12.47	272.5	–	1,3	–	
2	J0123+4858	01 23 15.5	 +48 58 33	–	 1.98	0.68	0.47	–	–	278.8	–	1,4,5	FR II	
3	J0141+1213	01 41 09.9	 +12 13 52	WISEA	 1.68	0.49	0.55	–	–	176.2	–	1,8	FR I	
4	J0216–4749	02 16 45.1	 -47 49 09	ES0	 3.45	–	–	0.06	–	561.4	–	9	FR I	
5	J0329+3947	03 29 23.9	 +39 47 32	UGC	 4.54	0.35	1.14	0.03	0.60	371.2	0.23	4,10	FR I	
6	J0435+2130	04 35 04.0	 +21 30 25	–	 0.48	1.39	0.47	–	–	155.3	–	1,6	FR I	
7	J0525–3242	05 25 27.2	 -32 42 37	WISEA	 4.48	0.79	0.78	–	–	437.3	–	1,13	FR I	
8	J0558+4316	05 58 06.4	 +43 16 47	WISEA	 1.75	0.15	1.08	–	–	235.1	–	1,4,10	FR II	
9	J0817+0708	08 17 16.1	 +07 08 46	SDSS	 1.51	0.44	0.55	0.27	32.4	193.7	0.82	1,3	–	
10	J0834+6635	08 34 09.0	 +66 35 49	WISEA	 2.91	0.27	1.06	–	–	165.7	–	1,14	FR II	
11	J0848+0555	08 48 37.8	 +05 55 19	SDSS	 6.74	0.94	0.88	–	–	269.5	–	1,7	FR II	
12	J0934–3728	09 34 06.5	 -37 28 10	WISEA	 5.96	0.34	1.28	0.06	5.98	359.6	0.43	1,11	FR I	
13	J1309+1029	13 09 04.6	 +10 29 55	WISEA	 3.22	1.08	0.51	0.08	8.27	252.4	–	1	FR I	
14	J1639+5546	16 39 50.3	 +55 46 11	WISEA	 1.52	0.56	0.64	0.24	23.8	232.3	0.90	1	FR I	
15	J1705+0004	17 05 28.2	 +00 04 24	WISEA	 2.18	0.27	0.93	–	–	213.1	–	1	–	
16	J1848–4240	18 48 31.3	 -42 40 50	WISEA	 2.90	–	–	0.12	–	331.6	–	9	FR II	
17	J2125+3738	21 25 42.6	 +37 38 29	WISEA	 3.88	1.57	0.40	–	–	257.8	–	1,2,3	FR I	
18	J2307+1920	23 07 26.5	 +19 20 45	2MASX	 1.34	0.57	0.38	0.15	8.02	212.8	0.57	1,11	FR II	

